-1.0609
-0.305167
-1.06491
2.27242
0.688291
0.097493
0.760045
-0.87803
0.0707934
0.181644
-2.22313
-0.149164
-0.348007
-1.89853
0.902862
1.57427
1.58476
1.91074
1.26452
-0.656856
-0.249509
-1.37664
-0.51877
-0.171057
2.59458
0.798288
-1.20161
0.398676
1.47639
1.7608
-0.207884
0.671634
-0.424591
1.86873
-0.569627
0.265545
0.326664
2.15313
-1.32863
-0.376782
0.076094
2.58325
-1.24292
0.398472
0.948648
0.0481094
0.783282
0.736049
-0.135876
0.52895
-0.724242
0.231722
0.129063
0.169081
-0.818566
0.88358
0.383163
-1.13292
-1.2006
1.87478
0.759901
0.0517655
-0.20307
-0.497364
-0.0380197
0.183928
-0.210518
-1.85146
-0.652954
-0.335133
-1.46561
-1.29567
0.6075
-1.03163
-0.105696
0.342316
0.333371
-0.120437
0.37661
0.333696
0.538162
-0.98417
0.619026
1.01687
1.0438
0.274647
0.482357
-0.237414
-0.280217
-0.0848355
-1.08974
-2.69823
0.656173
-0.436782
0.0140485
-0.740611
0.768604
1.14999
-0.437665
-0.255385
-0.704766
-0.842695
0.742862
1.43002
0.0356756
0.153732
-1.56107
0.361348
0.970905
0.499847
-0.947633
-0.23623
-0.296943
-1.03648
1.24417
0.64946
0.780248
-1.08036
-0.659194
0.572547
0.762597
0.902241
0.808408
1.90052
0.138551
-0.906463
-2.72498
-0.058732
-0.291553
1.15569
-0.958039
-0.56958
0.753657
1.42157
0.625608
1.23277
-0.699468
-2.03216
1.22091
0.369191
-1.38501
0.390842
-0.450413
0.613456
-0.926224
1.60458
0.0680403
0.779788
0.383244
0.491241
0.127103
-0.406815
-0.461079
0.493677
0.629657
0.967606
-0.613031
0.629036
0.30283
0.563435
0.689033
-0.275012
-0.287258
0.972087
-0.900054
-0.0842996
0.227426
0.325038
1.53174
-0.572772
0.593762
0.350273
-0.425296
-0.19378
0.76276
-0.651665
0.507256
0.381485
-0.754774
-0.948307
0.670675
-0.3988
1.11804
0.224871
0.2767
0.418285
0.230319
2.72764
0.267085
-0.106668
1.23434
-1.2649
0.59624
-0.0184892
-0.91494
1.10901
-0.0835569
2.14974
0.244635
-1.49168
0.118965
-0.0393233
-0.768651
-0.262226
-0.476478
0.152502
-0.518203
0.299534
0.668044
-1.2979
0.3288
-0.467708
0.699375
1.13711
-0.0180548
-1.8574
0.344301
-0.238191
0.761373
-0.625571
0.584226
2.54778
0.00811918
1.19519
-0.918607
0.830479
0.658572
-0.168822
-1.34374
0.442819
-0.164552
-1.36598
0.591497
-1.33366
-1.24541
0.59046
-0.92212
0.163486
-0.264182
-0.548057
1.57248
1.01183
0.0699549
0.461993
0.922887
0.780609
0.154295
-0.42232
-0.209667
0.125115
1.39673
0.738028
0.345239
0.585595
-0.148826
-1.45559
1.99926
1.72018
-0.335894
-0.399938
-1.44354
0.897414
-0.651613
1.67279
0.927887
1.07165
-0.433676
-1.14034
0.799037
1.09304
0.734443
0.700935
-1.05287
-1.02462
-0.404231
-0.139485
0.776572
-2.63133
-0.235494
-1.67473
-1.22082
0.16503
0.111427
-0.73711
-0.441872
1.77601
0.457027
0.37395
0.210098
0.603825
0.502355
1.03355
0.944075
0.681565
-0.485653
-1.65735
0.120416
1.18478
1.29183
1.64604
0.197049
0.833148
2.03337
-1.77184
0.00293454
0.66702
1.06587
1.11166
-0.0949593
0.617278
0.86356
0.636533
1.07934
1.34736
-1.16593
-0.0131535
0.568573
-1.40926
0.896442
-1.52707
-0.6407
-1.17368
-1.96134
-1.55098
0.0401503
1.00766
-0.206588
0.699785
0.46999
-0.724453
-1.04627
0.469136
1.37098
-0.933313
2.17631
1.76983
0.0190723
-0.197193
0.307788
-1.17426
1.33948
0.106823
1.50644
1.9696
1.33993
-0.779324
-0.544252
0.561695
-0.199346
-0.503005
-2.16409
-0.980437
-1.4006
-0.0949169
0.315047
-0.465235
0.781397
-0.733296
-0.565961
0.38547
0.283174
-0.670469
0.180475
-0.279951
-2.2551
0.322637
0.150454
-0.292584
1.51423
0.129822
-1.27282
0.768639
0.541167
0.473375
0.970044
-0.235894
-0.554932
0.19191
-0.693344
-0.436987
-0.612722
1.09274
-1.23229
0.823527
-0.0292423
0.631071
0.865122
-0.186826
0.405288
-1.7646
-0.252923
-0.485513
0.895371
-2.23775
0.294622
-1.27518
-0.251114
0.601486
-1.5442
1.63044
-0.535419
1.69014
0.971601
1.32952
0.295495
-1.64601
-0.941044
-0.836137
-0.518397
1.02242
-0.905568
1.78175
-0.362887
-0.386679
-1.14738
1.24383
0.756602
1.25685
-1.28083
-1.09967
-1.93539
1.54659
1.36103
1.4955
-0.281328
-0.229272
-1.34268
0.352718
-0.71179
1.13037
0.817806
0.24885
0.075314
-1.93244
-1.16275
0.491841
0.463328
-0.533591
-0.575981
-0.923759
-0.697243
-0.748037
-0.482794
-2.19016
-0.438468
0.991643
1.43321
-0.761181
0.597523
-0.424593
-1.03731
0.853253
-1.73222
-0.0179171
-1.67269
-0.434197
-0.813982
0.194033
-0.576487
-1.53314
1.5945
-0.0423892
1.52442
1.31188
1.18519
0.274465
0.329669
0.844886
0.641877
0.466693
1.19284
-0.317863
0.595126
-0.703684
-1.23766
0.959637
-0.52756
0.560853
1.22562
0.605739
-0.206661
-0.891908
2.139
1.46891
-0.874122
-0.347207
-0.575874
0.0750612
0.194039
0.736295
-0.192385
0.707408
2.17986
0.127689
1.03084
0.126657
-0.65954
-1.59132
-0.283575
-0.0773054
0.162419
1.34722
-1.54195
1.29092
-0.0765854
-1.42711
2.15887
-1.5571
-0.108281
-0.638885
0.0749758
-1.5459
-0.426567
1.52849
-1.95861
1.93612
-0.365254
-0.52101
-0.631244
2.14465
-0.368076
0.24657
0.955418
0.764303
-0.554747
-0.929003
-1.20657
-0.553768
0.0294722
-0.872792
-0.801216
-0.651946
-0.989782
0.781344
0.678657
0.332805
-0.754164
0.904406
-1.18944
0.225228
1.89502
-1.28403
1.04291
-0.488267
0.905387
-0.279983
2.45533
0.658297
1.29894
-0.439474
-1.02701
-0.822026
-0.602707
-0.208007
0.113029
0.359531
0.857025
0.302661
-0.25735
-0.863717
-0.432822
-0.967494
0.942405
-0.601766
-1.02166
-0.243917
0.5828
0.882475
1.28165
0.525063
-0.295235
0.363427
0.288445
-0.653392
0.724036
-0.0954773
-0.637114
-0.45736
-0.0459134
-0.401938
-0.585456
-3.33803
0.041689
0.347664
-0.910759
0.997433
-0.211567
0.391719
-0.29099
0.560313
0.705776
0.55813
0.412507
-0.0813511
-1.63454
0.967736
-1.50703
-0.760672
-0.647304
-2.64756
-1.3288
-1.27257
0.738247
-0.673413
-1.682
0.803989
0.206652
-0.871899
-0.873309
-0.216954
-0.22799
-0.235813
-0.241128
1.35965
0.272251
1.09655
-0.451704
2.29344
-1.04389
-0.562934
1.33416
-0.38373
0.623122
0.123444
-0.415549
0.999712
-0.317698
0.0432345
-1.5646
-3.02986
-0.307437
-0.00766129
0.0809994
-0.868211
0.630111
-1.73097
1.50869
-0.919633
0.357644
1.0618
-2.41083
0.953648
-0.393957
-0.494393
0.690379
1.42186
-1.3482
-0.561937
0.372078
0.151554
0.217266
-0.990353
-0.270788
-0.656641
-0.821669
-0.620494
0.655767
0.0622868
-1.44424
0.0576161
-0.444779
0.192878
-0.388728
-0.529338
0.240778
-0.744057
-1.93216
1.30035
-1.48888
-1.89179
1.66205
-0.47357
-0.779915
-2.04286
-1.09915
-0.428835
0.883528
-0.620836
0.426504
-2.37763
-0.0322089
-1.04248
-0.00919513
0.679025
-0.405988
0.564908
0.436262
-1.87755
-0.048064
-0.476723
1.61957
-0.457023
-0.411736
1.73473
-1.29013
-1.05621
-0.297373
1.07911
0.190369
-0.732641
0.540983
-1.36053
1.3645
0.198149
0.26077
-1.85297
0.0367761
0.159054
-0.705486
1.23948
0.815786
0.467825
-0.0640287
0.608727
1.63159
1.72822
-1.49003
-0.199399
-1.77583
0.629591
-0.577077
-1.31143
1.26313
0.978007
0.860896
-1.91991
0.712386
-1.0985
-1.57736
-1.65084
-0.572604
-1.65626
-1.24693
0.158845
-0.0693261
0.56492
0.115858
0.0651029
1.79583
-1.14438
-0.984519
1.02324
-1.13411
-0.286751
0.715921
-0.279497
-0.705832
0.199244
-0.943317
-0.668576
1.27969
-1.02864
-0.0355916
0.538608
-1.75978
1.76697
-0.972729
0.416895
-1.9717
0.267538
-0.465518
0.0447562
-0.78282
-0.0742242
1.67283
-0.772009
-0.674635
0.203342
-2.9399
-1.0068
0.343282
1.22568
0.489164
0.607943
0.0313895
-1.28057
0.237315
-0.10958
0.0895697
-0.154143
-0.443405
-0.318448
-1.10269
-1.04158
-1.48818
0.799877
-1.62016
0.0556186
0.31417
1.81468
-1.65176
1.09345
0.637601
1.02462
-0.371686
-0.991915
0.0238458
-1.11096
0.332178
-0.97777
-0.574293
0.235328
-0.883602
-2.82682
-0.198734
-1.21768
0.516663
-1.29314
0.11167
-0.493422
-0.488926
-0.926973
-1.2981
0.736408
-1.5309
-1.33958
0.0559446
-1.15819
0.114146
-0.129786
0.519385
0.862771
0.657446
-2.38986
-0.945333
-0.696143
0.753981
-1.77387
-0.351073
-0.463784
0.976113
-0.171288
0.6332
-0.341818
-0.451324
1.36537
-1.61041
0.34025
2.26369
-2.32184
-2.01472
-0.6584
0.175135
1.52828
-0.100993
0.521176
-0.161864
0.58487
2.06839
0.0604967
-0.662618
0.15175
0.825805
0.288559
-0.21982
-1.56836
1.77737
-0.577944
-0.162265
-0.863268
-1.04124
-0.0869489
-1.67132
-1.73635
-0.593019
0.00734268
0.291544
-0.192889
-0.45073
-0.555543
0.036227
1.65152
1.4379
0.173363
1.41196
0.391584
-0.137134
-0.053153
-0.231033
1.10038
1.0106
-0.522437
-0.95996
0.700639
-0.831169
-0.598367
-1.36912
1.2079
0.197797
-0.187106
1.63373
-0.603611
0.762063
0.630196
0.175445
-2.36221
-1.30395
1.32303
-0.486022
1.25614
2.03124
-0.663095
-0.464385
-1.47999
0.419264
-1.29332
0.99899
-0.275962
-1.8947
0.243386
-0.707326
-1.42959
-1.00917
-0.196348
-0.837522
0.0967948
0.176073
-0.695504
-0.0899951
-1.39985
1.62732
-0.380504
1.29192
-1.04312
-0.49303
-0.684073
0.0920052
0.0154028
-0.843083
0.295408
-0.719433
0.79878
0.0107831
1.07418
-0.646078
0.154594
-0.375828
-0.0127718
0.145112
-0.623104
1.43182
0.553383
-0.214062
0.19981
-0.74733
0.769374
-0.90089
0.445496
-1.24417
-0.170796
0.184994
0.474831
0.610435
0.115829
0.495393
-0.667046
-0.638592
1.28094
0.349351
0.895196
-0.0094688
1.0878
-0.265655
0.359677
-0.536601
-0.603841
-0.522761
-1.33835
1.37352
0.881424
0.211293
1.13885
1.53666
0.67232
0.099967
0.0987563
-1.39979
1.2477
0.271524
0.427335
0.342311
0.626487
-0.226792
0.626081
-1.00919
-0.778728
-1.46937
-2.39278
1.67038
0.277574
1.04715
1.54608
-1.01189
0.236659
0.65965
0.107275
0.841959
-0.795575
-2.45099
0.300311
