09:18:57 PM     0       446      0.00      0.00   55184   5488   0.18  sshd
09:18:58 PM     0       446      0.00      0.00   55184   5488   0.18  sshd
09:18:59 PM     0       446      0.00      0.00   55184   5488   0.18  sshd
09:19:00 PM     0       446      0.00      0.00   55184   5488   0.18  sshd
09:19:01 PM     0       446      0.00      0.00   55184   5488   0.18  sshd
09:19:02 PM     0       446      0.00      0.00   55184   5488   0.18  sshd
09:19:03 PM     0       446      0.00      0.00   55184   5488   0.18  sshd
09:19:04 PM     0       446      0.00      0.00   55184   5488   0.18  sshd
09:19:05 PM     0       446      0.00      0.00   55184   5488   0.18  sshd
09:19:06 PM     0       446      0.00      0.00   55184   5488   0.18  sshd
09:19:07 PM     0       446      0.00      0.00   55184   5488   0.18  sshd
09:19:08 PM     0       446      0.00      0.00   55184   5488   0.18  sshd
09:19:09 PM     0       446      0.00      0.00   55184   5488   0.18  sshd
09:19:10 PM     0       446      0.00      0.00   55184   5488   0.18  sshd
09:19:11 PM     0       446      0.00      0.00   55184   5488   0.18  sshd
09:19:12 PM     0       446      0.00      0.00   55184   5488   0.18  sshd
09:19:13 PM     0       446      0.00      0.00   55184   5488   0.18  sshd
09:19:14 PM     0       446      0.00      0.00   55184   5488   0.18  sshd
09:19:15 PM     0       446      0.00      0.00   55184   5488   0.18  sshd
09:19:16 PM     0       446      0.00      0.00   55184   5488   0.18  sshd
09:19:17 PM     0       446      0.00      0.00   55184   5488   0.18  sshd
09:19:18 PM     0       446      0.00      0.00   55184   5488   0.18  sshd
09:19:19 PM     0       446      0.00      0.00   55184   5488   0.18  sshd
09:19:20 PM     0       446      0.00      0.00   55184   5488   0.18  sshd
09:19:21 PM     0       446      0.00      0.00   55184   5488   0.18  sshd
09:19:22 PM     0       446      0.00      0.00   55184   5488   0.18  sshd
09:19:23 PM     0       446      0.00      0.00   55184   5488   0.18  sshd
09:19:24 PM     0       446      0.00      0.00   55184   5488   0.18  sshd
09:19:25 PM     0       446      0.00      0.00   55184   5488   0.18  sshd
09:19:26 PM     0       446      0.00      0.00   55184   5488   0.18  sshd
09:19:27 PM     0       446      0.00      0.00   55184   5488   0.18  sshd
09:19:28 PM     0       446      0.00      0.00   55184   5488   0.18  sshd
09:19:29 PM     0       446      0.00      0.00   55184   5488   0.18  sshd
09:19:30 PM     0       446      0.00      0.00   55184   5488   0.18  sshd
09:19:31 PM     0       446      0.00      0.00   55184   5488   0.18  sshd
09:19:32 PM     0       446      0.00      0.00   55184   5488   0.18  sshd
09:19:33 PM     0       446      0.00      0.00   55184   5488   0.18  sshd
09:19:34 PM     0       446      0.00      0.00   55184   5488   0.18  sshd
09:19:35 PM     0       446      0.00      0.00   55184   5488   0.18  sshd
09:19:36 PM     0       446      0.00      0.00   55184   5488   0.18  sshd
09:19:37 PM     0       446      0.00      0.00   55184   5488   0.18  sshd
09:19:38 PM     0       446      0.00      0.00   55184   5488   0.18  sshd
09:19:39 PM     0       446      0.00      0.00   55184   5488   0.18  sshd
09:19:40 PM     0       446      0.00      0.00   55184   5488   0.18  sshd
09:19:41 PM     0       446      0.00      0.00   55184   5488   0.18  sshd
09:19:42 PM     0       446      0.00      0.00   55184   5488   0.18  sshd
09:19:43 PM     0       446      0.00      0.00   55184   5488   0.18  sshd
09:19:44 PM     0       446      0.00      0.00   55184   5488   0.18  sshd
09:19:45 PM     0       446      0.00      0.00   55184   5488   0.18  sshd
09:19:46 PM     0       446      0.00      0.00   55184   5488   0.18  sshd
09:19:47 PM     0       446      0.00      0.00   55184   5488   0.18  sshd
09:19:48 PM     0       446      0.00      0.00   55184   5488   0.18  sshd
09:19:49 PM     0       446      0.00      0.00   55184   5488   0.18  sshd
09:19:50 PM     0       446      0.00      0.00   55184   5488   0.18  sshd
09:19:51 PM     0       446      0.00      0.00   55184   5488   0.18  sshd
09:19:52 PM     0       446      0.00      0.00   55184   5488   0.18  sshd
09:19:53 PM     0       446      0.00      0.00   55184   5488   0.18  sshd
09:19:54 PM     0       446      0.00      0.00   55184   5488   0.18  sshd
09:19:55 PM     0       446      0.00      0.00   55184   5488   0.18  sshd
09:19:56 PM     0       446      0.00      0.00   55184   5488   0.18  sshd
09:19:57 PM     0       446      0.00      0.00   55184   5488   0.18  sshd
09:19:58 PM     0       446      0.00      0.00   55184   5488   0.18  sshd
09:19:59 PM     0       446      0.00      0.00   55184   5488   0.18  sshd
09:20:00 PM     0       446      0.00      0.00   55184   5488   0.18  sshd
09:20:01 PM     0       446      0.00      0.00   55184   5488   0.18  sshd
09:20:02 PM     0       446      0.00      0.00   55184   5488   0.18  sshd
09:20:03 PM     0       446      0.00      0.00   55184   5488   0.18  sshd
09:20:04 PM     0       446      0.00      0.00   55184   5488   0.18  sshd
09:20:05 PM     0       446      0.00      0.00   55184   5488   0.18  sshd
09:20:06 PM     0       446      0.00      0.00   55184   5488   0.18  sshd
09:20:07 PM     0       446      0.00      0.00   55184   5488   0.18  sshd
09:20:08 PM     0       446      0.00      0.00   55184   5488   0.18  sshd
09:20:09 PM     0       446      0.00      0.00   55184   5488   0.18  sshd
09:20:10 PM     0       446      0.00      0.00   55184   5488   0.18  sshd
09:20:11 PM     0       446      0.00      0.00   55184   5488   0.18  sshd
09:20:12 PM     0       446      0.00      0.00   55184   5488   0.18  sshd
09:20:13 PM     0       446      0.00      0.00   55184   5488   0.18  sshd
09:20:14 PM     0       446      0.00      0.00   55184   5488   0.18  sshd
09:20:15 PM     0       446      0.00      0.00   55184   5488   0.18  sshd
09:20:16 PM     0       446      0.00      0.00   55184   5488   0.18  sshd
09:20:17 PM     0       446      0.00      0.00   55184   5488   0.18  sshd
09:20:18 PM     0       446      0.00      0.00   55184   5488   0.18  sshd
09:20:19 PM     0       446      0.00      0.00   55184   5488   0.18  sshd
09:20:20 PM     0       446      0.00      0.00   55184   5488   0.18  sshd
09:20:21 PM     0       446      0.00      0.00   55184   5488   0.18  sshd
09:20:22 PM     0       446      0.00      0.00   55184   5488   0.18  sshd
09:20:23 PM     0       446      0.00      0.00   55184   5488   0.18  sshd
09:20:24 PM     0       446      0.00      0.00   55184   5488   0.18  sshd
09:20:25 PM     0       446      0.00      0.00   55184   5488   0.18  sshd
09:20:26 PM     0       446      0.00      0.00   55184   5488   0.18  sshd
09:20:27 PM     0       446      0.00      0.00   55184   5488   0.18  sshd
09:20:28 PM     0       446      0.00      0.00   55184   5488   0.18  sshd
09:20:29 PM     0       446      0.00      0.00   55184   5488   0.18  sshd
09:20:30 PM     0       446      0.00      0.00   55184   5488   0.18  sshd
09:20:31 PM     0       446      0.00      0.00   55184   5488   0.18  sshd
09:20:32 PM     0       446      0.00      0.00   55184   5488   0.18  sshd
09:20:33 PM     0       446      0.00      0.00   55184   5488   0.18  sshd
09:20:34 PM     0       446      0.00      0.00   55184   5488   0.18  sshd
09:20:35 PM     0       446      0.00      0.00   55184   5488   0.18  sshd
09:20:36 PM     0       446      0.00      0.00   55184   5488   0.18  sshd
09:20:37 PM     0       446      0.00      0.00   55184   5488   0.18  sshd
09:20:38 PM     0       446      0.00      0.00   55184   5488   0.18  sshd
09:20:39 PM     0       446      0.00      0.00   55184   5488   0.18  sshd
09:20:40 PM     0       446      0.00      0.00   55184   5488   0.18  sshd
09:20:41 PM     0       446      0.00      0.00   55184   5488   0.18  sshd
09:20:42 PM     0       446      0.00      0.00   55184   5488   0.18  sshd
09:20:43 PM     0       446      0.00      0.00   55184   5488   0.18  sshd
09:20:44 PM     0       446      0.00      0.00   55184   5488   0.18  sshd
09:20:45 PM     0       446      0.00      0.00   55184   5488   0.18  sshd
09:20:46 PM     0       446      0.00      0.00   55184   5488   0.18  sshd
09:20:47 PM     0       446      0.00      0.00   55184   5488   0.18  sshd
09:20:48 PM     0       446      0.00      0.00   55184   5488   0.18  sshd
09:20:49 PM     0       446      0.00      0.00   55184   5488   0.18  sshd
09:20:50 PM     0       446      0.00      0.00   55184   5488   0.18  sshd
09:20:51 PM     0       446      0.00      0.00   55184   5488   0.18  sshd
09:20:52 PM     0       446      0.00      0.00   55184   5488   0.18  sshd
09:20:53 PM     0       446      0.00      0.00   55184   5488   0.18  sshd
09:20:54 PM     0       446      0.00      0.00   55184   5488   0.18  sshd
09:20:55 PM     0       446      0.00      0.00   55184   5488   0.18  sshd
09:20:56 PM     0       446      0.00      0.00   55184   5488   0.18  sshd
09:20:57 PM     0       446      0.00      0.00   55184   5488   0.18  sshd
09:20:58 PM     0       446      0.00      0.00   55184   5488   0.18  sshd
09:20:59 PM     0       446      0.00      0.00   55184   5488   0.18  sshd
09:21:00 PM     0       446      0.00      0.00   55184   5488   0.18  sshd
09:21:01 PM     0       446      0.00      0.00   55184   5488   0.18  sshd
09:21:02 PM     0       446      0.00      0.00   55184   5488   0.18  sshd
09:21:03 PM     0       446      0.00      0.00   55184   5488   0.18  sshd
09:21:04 PM     0       446      0.00      0.00   55184   5488   0.18  sshd
09:21:05 PM     0       446      0.00      0.00   55184   5488   0.18  sshd
09:21:06 PM     0       446      0.00      0.00   55184   5488   0.18  sshd
09:21:07 PM     0       446      0.00      0.00   55184   5488   0.18  sshd
09:21:08 PM     0       446      0.00      0.00   55184   5488   0.18  sshd
09:21:09 PM     0       446      0.00      0.00   55184   5488   0.18  sshd
09:21:10 PM     0       446      0.00      0.00   55184   5488   0.18  sshd
09:21:11 PM     0       446      0.00      0.00   55184   5488   0.18  sshd
09:21:12 PM     0       446      0.00      0.00   55184   5488   0.18  sshd
09:21:13 PM     0       446      0.00      0.00   55184   5488   0.18  sshd
09:21:14 PM     0       446      0.00      0.00   55184   5488   0.18  sshd
09:21:15 PM     0       446      0.00      0.00   55184   5488   0.18  sshd
09:21:16 PM     0       446      0.00      0.00   55184   5488   0.18  sshd
09:21:17 PM     0       446      0.00      0.00   55184   5488   0.18  sshd
09:21:18 PM     0       446      0.00      0.00   55184   5488   0.18  sshd
09:21:19 PM     0       446      0.00      0.00   55184   5488   0.18  sshd
09:21:20 PM     0       446      0.00      0.00   55184   5488   0.18  sshd
09:21:21 PM     0       446      0.00      0.00   55184   5488   0.18  sshd
09:21:22 PM     0       446      0.00      0.00   55184   5488   0.18  sshd
09:21:23 PM     0       446      0.00      0.00   55184   5488   0.18  sshd
09:21:24 PM     0       446      0.00      0.00   55184   5488   0.18  sshd
09:21:25 PM     0       446      0.00      0.00   55184   5488   0.18  sshd
09:21:26 PM     0       446      0.00      0.00   55184   5488   0.18  sshd
09:21:27 PM     0       446      0.00      0.00   55184   5488   0.18  sshd
09:21:28 PM     0       446      0.00      0.00   55184   5488   0.18  sshd
09:21:29 PM     0       446      0.00      0.00   55184   5488   0.18  sshd
09:21:30 PM     0       446      0.00      0.00   55184   5488   0.18  sshd
09:21:31 PM     0       446      0.00      0.00   55184   5488   0.18  sshd
09:21:32 PM     0       446      0.00      0.00   55184   5488   0.18  sshd
09:21:33 PM     0       446      0.00      0.00   55184   5488   0.18  sshd
09:21:34 PM     0       446      0.00      0.00   55184   5488   0.18  sshd
09:21:35 PM     0       446      0.00      0.00   55184   5488   0.18  sshd
09:21:36 PM     0       446      0.00      0.00   55184   5488   0.18  sshd
09:21:37 PM     0       446      0.00      0.00   55184   5488   0.18  sshd
09:21:38 PM     0       446      0.00      0.00   55184   5488   0.18  sshd
09:21:39 PM     0       446      0.00      0.00   55184   5488   0.18  sshd
09:21:40 PM     0       446      0.00      0.00   55184   5488   0.18  sshd
09:21:41 PM     0       446      0.00      0.00   55184   5488   0.18  sshd
09:21:42 PM     0       446      0.00      0.00   55184   5488   0.18  sshd
09:21:43 PM     0       446      0.00      0.00   55184   5488   0.18  sshd
09:21:44 PM     0       446      0.00      0.00   55184   5488   0.18  sshd
09:21:45 PM     0       446      0.00      0.00   55184   5488   0.18  sshd
09:21:46 PM     0       446      0.00      0.00   55184   5488   0.18  sshd
09:21:47 PM     0       446      0.00      0.00   55184   5488   0.18  sshd
09:21:48 PM     0       446      0.00      0.00   55184   5488   0.18  sshd
09:21:49 PM     0       446      0.00      0.00   55184   5488   0.18  sshd
09:21:50 PM     0       446      0.00      0.00   55184   5488   0.18  sshd
09:21:51 PM     0       446      0.00      0.00   55184   5488   0.18  sshd
09:21:52 PM     0       446      0.00      0.00   55184   5488   0.18  sshd
09:21:53 PM     0       446      0.00      0.00   55184   5488   0.18  sshd
09:21:54 PM     0       446      0.00      0.00   55184   5488   0.18  sshd
09:21:55 PM     0       446      0.00      0.00   55184   5488   0.18  sshd
09:21:56 PM     0       446      0.00      0.00   55184   5488   0.18  sshd
09:21:57 PM     0       446      0.00      0.00   55184   5488   0.18  sshd
09:21:58 PM     0       446      0.00      0.00   55184   5488   0.18  sshd
09:21:59 PM     0       446      0.00      0.00   55184   5488   0.18  sshd
09:22:00 PM     0       446      0.00      0.00   55184   5488   0.18  sshd
09:22:01 PM     0       446      0.00      0.00   55184   5488   0.18  sshd
09:22:02 PM     0       446      0.00      0.00   55184   5488   0.18  sshd
09:22:03 PM     0       446      0.00      0.00   55184   5488   0.18  sshd
09:22:04 PM     0       446      0.00      0.00   55184   5488   0.18  sshd
09:22:05 PM     0       446      0.00      0.00   55184   5488   0.18  sshd
09:22:06 PM     0       446      0.00      0.00   55184   5488   0.18  sshd
09:22:07 PM     0       446      0.00      0.00   55184   5488   0.18  sshd
09:22:08 PM     0       446      0.00      0.00   55184   5488   0.18  sshd
09:22:09 PM     0       446      0.00      0.00   55184   5488   0.18  sshd
09:22:10 PM     0       446      0.00      0.00   55184   5488   0.18  sshd
09:22:11 PM     0       446      0.00      0.00   55184   5488   0.18  sshd
09:22:12 PM     0       446      0.00      0.00   55184   5488   0.18  sshd
09:22:13 PM     0       446      0.00      0.00   55184   5488   0.18  sshd
09:22:14 PM     0       446      0.00      0.00   55184   5488   0.18  sshd
09:22:15 PM     0       446      0.00      0.00   55184   5488   0.18  sshd
09:22:16 PM     0       446      0.00      0.00   55184   5488   0.18  sshd
09:22:17 PM     0       446      0.00      0.00   55184   5488   0.18  sshd
09:22:18 PM     0       446      0.00      0.00   55184   5488   0.18  sshd
09:22:19 PM     0       446      0.00      0.00   55184   5488   0.18  sshd
09:22:20 PM     0       446      0.00      0.00   55184   5488   0.18  sshd
09:22:21 PM     0       446      0.00      0.00   55184   5488   0.18  sshd
09:22:22 PM     0       446      0.00      0.00   55184   5488   0.18  sshd
09:22:23 PM     0       446      0.00      0.00   55184   5488   0.18  sshd
09:22:24 PM     0       446      0.00      0.00   55184   5488   0.18  sshd
09:22:25 PM     0       446      0.00      0.00   55184   5488   0.18  sshd
09:22:26 PM     0       446      0.00      0.00   55184   5488   0.18  sshd
09:22:27 PM     0       446      0.00      0.00   55184   5488   0.18  sshd
09:22:28 PM     0       446      0.00      0.00   55184   5488   0.18  sshd
09:22:29 PM     0       446      0.00      0.00   55184   5488   0.18  sshd
09:22:30 PM     0       446      0.00      0.00   55184   5488   0.18  sshd
09:22:31 PM     0       446      0.00      0.00   55184   5488   0.18  sshd
09:22:32 PM     0       446      0.00      0.00   55184   5488   0.18  sshd
09:22:33 PM     0       446      0.00      0.00   55184   5488   0.18  sshd
09:22:34 PM     0       446      0.00      0.00   55184   5488   0.18  sshd
09:22:35 PM     0       446      0.00      0.00   55184   5488   0.18  sshd
09:22:36 PM     0       446      0.00      0.00   55184   5488   0.18  sshd
09:22:37 PM     0       446      0.00      0.00   55184   5488   0.18  sshd
09:22:38 PM     0       446      0.00      0.00   55184   5488   0.18  sshd
09:22:39 PM     0       446      0.00      0.00   55184   5488   0.18  sshd
09:22:40 PM     0       446      0.00      0.00   55184   5488   0.18  sshd
09:22:41 PM     0       446      0.00      0.00   55184   5488   0.18  sshd
09:22:42 PM     0       446      0.00      0.00   55184   5488   0.18  sshd
09:22:43 PM     0       446      0.00      0.00   55184   5488   0.18  sshd
09:22:44 PM     0       446      0.00      0.00   55184   5488   0.18  sshd
09:22:45 PM     0       446      0.00      0.00   55184   5488   0.18  sshd
09:22:46 PM     0       446      0.00      0.00   55184   5488   0.18  sshd
09:22:47 PM     0       446      0.00      0.00   55184   5488   0.18  sshd
09:22:48 PM     0       446      0.00      0.00   55184   5488   0.18  sshd
09:22:49 PM     0       446      0.00      0.00   55184   5488   0.18  sshd
09:22:50 PM     0       446      0.00      0.00   55184   5488   0.18  sshd
09:22:51 PM     0       446      0.00      0.00   55184   5488   0.18  sshd
09:22:52 PM     0       446      0.00      0.00   55184   5488   0.18  sshd
09:22:53 PM     0       446      0.00      0.00   55184   5488   0.18  sshd
09:22:54 PM     0       446      0.00      0.00   55184   5488   0.18  sshd
09:22:55 PM     0       446      0.00      0.00   55184   5488   0.18  sshd
09:22:56 PM     0       446      0.00      0.00   55184   5488   0.18  sshd
09:22:57 PM     0       446      0.00      0.00   55184   5488   0.18  sshd
09:22:58 PM     0       446      0.00      0.00   55184   5488   0.18  sshd
09:22:59 PM     0       446      0.00      0.00   55184   5488   0.18  sshd
09:23:00 PM     0       446      0.00      0.00   55184   5488   0.18  sshd
09:23:01 PM     0       446      0.00      0.00   55184   5488   0.18  sshd
09:23:02 PM     0       446      0.00      0.00   55184   5488   0.18  sshd
09:23:03 PM     0       446      0.00      0.00   55184   5488   0.18  sshd
09:23:04 PM     0       446      0.00      0.00   55184   5488   0.18  sshd
09:23:05 PM     0       446      0.00      0.00   55184   5488   0.18  sshd
09:23:06 PM     0       446      0.00      0.00   55184   5488   0.18  sshd
09:23:07 PM     0       446      0.00      0.00   55184   5488   0.18  sshd
09:23:08 PM     0       446      0.00      0.00   55184   5488   0.18  sshd
09:23:09 PM     0       446      0.00      0.00   55184   5488   0.18  sshd
09:23:10 PM     0       446      0.00      0.00   55184   5488   0.18  sshd
09:23:11 PM     0       446      0.00      0.00   55184   5488   0.18  sshd
09:23:12 PM     0       446      0.00      0.00   55184   5488   0.18  sshd
09:23:13 PM     0       446      0.00      0.00   55184   5488   0.18  sshd
09:23:14 PM     0       446      0.00      0.00   55184   5488   0.18  sshd
09:23:15 PM     0       446      0.00      0.00   55184   5488   0.18  sshd
09:23:16 PM     0       446      0.00      0.00   55184   5488   0.18  sshd
09:23:17 PM     0       446      0.00      0.00   55184   5488   0.18  sshd
09:23:18 PM     0       446      0.00      0.00   55184   5488   0.18  sshd
09:23:19 PM     0       446      0.00      0.00   55184   5488   0.18  sshd
09:23:20 PM     0       446      0.00      0.00   55184   5488   0.18  sshd
09:23:21 PM     0       446      0.00      0.00   55184   5488   0.18  sshd
09:23:22 PM     0       446      0.00      0.00   55184   5488   0.18  sshd
09:23:23 PM     0       446      0.00      0.00   55184   5488   0.18  sshd
09:23:24 PM     0       446      0.00      0.00   55184   5488   0.18  sshd
09:23:25 PM     0       446      0.00      0.00   55184   5488   0.18  sshd
09:23:26 PM     0       446      0.00      0.00   55184   5488   0.18  sshd
09:23:27 PM     0       446      0.00      0.00   55184   5488   0.18  sshd
09:23:28 PM     0       446      0.00      0.00   55184   5488   0.18  sshd
09:23:29 PM     0       446      0.00      0.00   55184   5488   0.18  sshd
09:23:30 PM     0       446      0.00      0.00   55184   5488   0.18  sshd
09:23:31 PM     0       446      0.00      0.00   55184   5488   0.18  sshd
09:23:32 PM     0       446      0.00      0.00   55184   5488   0.18  sshd
09:23:33 PM     0       446      0.00      0.00   55184   5488   0.18  sshd
09:23:34 PM     0       446      0.00      0.00   55184   5488   0.18  sshd
09:23:35 PM     0       446      0.00      0.00   55184   5488   0.18  sshd
09:23:36 PM     0       446      0.00      0.00   55184   5488   0.18  sshd
09:23:37 PM     0       446      0.00      0.00   55184   5488   0.18  sshd
09:23:38 PM     0       446      0.00      0.00   55184   5488   0.18  sshd
09:23:39 PM     0       446      0.00      0.00   55184   5488   0.18  sshd
09:23:40 PM     0       446      0.00      0.00   55184   5488   0.18  sshd
09:23:41 PM     0       446      0.00      0.00   55184   5488   0.18  sshd
09:23:42 PM     0       446      0.00      0.00   55184   5488   0.18  sshd
09:23:43 PM     0       446      0.00      0.00   55184   5488   0.18  sshd
09:23:44 PM     0       446      0.00      0.00   55184   5488   0.18  sshd
09:23:45 PM     0       446      0.00      0.00   55184   5488   0.18  sshd
09:23:46 PM     0       446      0.00      0.00   55184   5488   0.18  sshd
09:23:47 PM     0       446      0.00      0.00   55184   5488   0.18  sshd
09:23:48 PM     0       446      0.00      0.00   55184   5488   0.18  sshd
09:23:49 PM     0       446      0.00      0.00   55184   5488   0.18  sshd
09:23:50 PM     0       446      0.00      0.00   55184   5488   0.18  sshd
09:23:51 PM     0       446      0.00      0.00   55184   5488   0.18  sshd
09:23:52 PM     0       446      0.00      0.00   55184   5488   0.18  sshd
09:23:53 PM     0       446      0.00      0.00   55184   5488   0.18  sshd
09:23:54 PM     0       446      0.00      0.00   55184   5488   0.18  sshd
09:23:55 PM     0       446      0.00      0.00   55184   5488   0.18  sshd
09:23:56 PM     0       446      0.00      0.00   55184   5488   0.18  sshd
09:23:57 PM     0       446      0.00      0.00   55184   5488   0.18  sshd
09:23:58 PM     0       446      0.00      0.00   55184   5488   0.18  sshd
09:23:59 PM     0       446      0.00      0.00   55184   5488   0.18  sshd
09:24:00 PM     0       446      0.00      0.00   55184   5488   0.18  sshd
09:24:01 PM     0       446      0.00      0.00   55184   5488   0.18  sshd
09:24:02 PM     0       446      0.00      0.00   55184   5488   0.18  sshd
09:24:03 PM     0       446      0.00      0.00   55184   5488   0.18  sshd
09:24:04 PM     0       446      0.00      0.00   55184   5488   0.18  sshd
09:24:05 PM     0       446      0.00      0.00   55184   5488   0.18  sshd
09:24:06 PM     0       446      0.00      0.00   55184   5488   0.18  sshd
09:24:07 PM     0       446      0.00      0.00   55184   5488   0.18  sshd
09:24:08 PM     0       446      0.00      0.00   55184   5488   0.18  sshd
09:24:09 PM     0       446      0.00      0.00   55184   5488   0.18  sshd
09:24:10 PM     0       446      0.00      0.00   55184   5488   0.18  sshd
09:24:11 PM     0       446      0.00      0.00   55184   5488   0.18  sshd
09:24:12 PM     0       446      0.00      0.00   55184   5488   0.18  sshd
09:24:13 PM     0       446      0.00      0.00   55184   5488   0.18  sshd
09:24:14 PM     0       446      0.00      0.00   55184   5488   0.18  sshd
09:24:15 PM     0       446      0.00      0.00   55184   5488   0.18  sshd
09:24:16 PM     0       446      0.00      0.00   55184   5488   0.18  sshd
09:24:17 PM     0       446      0.00      0.00   55184   5488   0.18  sshd
09:24:18 PM     0       446      0.00      0.00   55184   5488   0.18  sshd
09:24:19 PM     0       446      0.00      0.00   55184   5488   0.18  sshd
09:24:20 PM     0       446      0.00      0.00   55184   5488   0.18  sshd
09:24:21 PM     0       446      0.00      0.00   55184   5488   0.18  sshd
09:24:22 PM     0       446      0.00      0.00   55184   5488   0.18  sshd
09:24:23 PM     0       446      0.00      0.00   55184   5488   0.18  sshd
09:24:24 PM     0       446      0.00      0.00   55184   5488   0.18  sshd
09:24:25 PM     0       446      0.00      0.00   55184   5488   0.18  sshd
09:24:26 PM     0       446      0.00      0.00   55184   5488   0.18  sshd
09:24:27 PM     0       446      0.00      0.00   55184   5488   0.18  sshd
09:24:28 PM     0       446      0.00      0.00   55184   5488   0.18  sshd
09:24:29 PM     0       446      0.00      0.00   55184   5488   0.18  sshd
09:24:30 PM     0       446      0.00      0.00   55184   5488   0.18  sshd
09:24:31 PM     0       446      0.00      0.00   55184   5488   0.18  sshd
09:24:32 PM     0       446      0.00      0.00   55184   5488   0.18  sshd
09:24:33 PM     0       446      0.00      0.00   55184   5488   0.18  sshd
09:24:34 PM     0       446      0.00      0.00   55184   5488   0.18  sshd
09:24:35 PM     0       446      0.00      0.00   55184   5488   0.18  sshd
09:24:36 PM     0       446      0.00      0.00   55184   5488   0.18  sshd
09:24:37 PM     0       446      0.00      0.00   55184   5488   0.18  sshd
09:24:38 PM     0       446      0.00      0.00   55184   5488   0.18  sshd
09:24:39 PM     0       446      0.00      0.00   55184   5488   0.18  sshd
09:24:40 PM     0       446      0.00      0.00   55184   5488   0.18  sshd
09:24:41 PM     0       446      0.00      0.00   55184   5488   0.18  sshd
09:24:42 PM     0       446      0.00      0.00   55184   5488   0.18  sshd
