
# Curve 0 of 1, 100 points
# Curve title: "-x**2"
# x y type
-10 -100  0.179199
-9.79798 -96.0004  0.762112
-9.59596 -92.0824  0.896921
-9.39394 -88.2461  0.204901
-9.19192 -84.4914  0.909453
-8.9899 -80.8183  0.106309
-8.78788 -77.2268  0.469885
-8.58586 -73.717  0.902115
-8.38384 -70.2887  0.127538
-8.18182 -66.9421  0.978146
-7.9798 -63.6772  0.561705
-7.77778 -60.4938  0.109581
-7.57576 -57.3921  0.782
-7.37374 -54.372  0.0838695
-7.17172 -51.4335  0.277127
-6.9697 -48.5767  0.130364
-6.76768 -45.8014  0.579854
-6.56566 -43.1078  0.0814508
-6.36364 -40.4959  0.29039
-6.16162 -37.9655  0.0560822
-5.9596 -35.5168  0.0854556
-5.75758 -33.1497  0.363708
-5.55556 -30.8642  0.52531
-5.35354 -28.6603  0.743374
-5.15152 -26.5381  0.398024
-4.94949 -24.4975  0.90559
-4.74747 -22.5385  0.821733
-4.54545 -20.6612  0.96249
-4.34343 -18.8654  0.568132
-4.14141 -17.1513  0.0105641
-3.93939 -15.5188  0.280748
-3.73737 -13.968  0.166542
-3.53535 -12.4987  0.914535
-3.33333 -11.1111  0.961445
-3.13131 -9.80512  0.775611
-2.92929 -8.58076  0.548986
-2.72727 -7.43802  0.679408
-2.52525 -6.3769  0.574042
-2.32323 -5.39741  0.733225
-2.12121 -4.49954  0.824504
-1.91919 -3.6833  0.655123
-1.71717 -2.94868  0.687205
-1.51515 -2.29568  0.0421185
-1.31313 -1.72431  0.0253402
-1.11111 -1.23457  0.667054
-0.909091 -0.826446  0.182446
-0.707071 -0.499949  0.570911
-0.505051 -0.255076  0.749703
-0.30303 -0.0918274  0.894999
-0.10101 -0.010203  0.543216
 0.10101 -0.010203  0.677154
 0.30303 -0.0918274  0.233039
 0.505051 -0.255076  0.630172
 0.707071 -0.499949  0.0339795
 0.909091 -0.826446  0.0229734
 1.11111 -1.23457  0.412608
 1.31313 -1.72431  0.220512
 1.51515 -2.29568  0.0134431
 1.71717 -2.94868  0.933949
 1.91919 -3.6833  0.776235
 2.12121 -4.49954  0.776664
 2.32323 -5.39741  0.294582
 2.52525 -6.3769  0.662504
 2.72727 -7.43802  0.101448
 2.92929 -8.58076  0.858281
 3.13131 -9.80512  0.159223
 3.33333 -11.1111  0.330709
 3.53535 -12.4987  0.187537
 3.73737 -13.968  0.611702
 3.93939 -15.5188  0.509758
 4.14141 -17.1513  0.246717
 4.34343 -18.8654  0.7848
 4.54545 -20.6612  0.531767
 4.74747 -22.5385  0.133545
 4.94949 -24.4975  0.185179
 5.15152 -26.5381  0.278865
 5.35354 -28.6603  0.45329
 5.55556 -30.8642  0.0873745
 5.75758 -33.1497  0.474201
 5.9596 -35.5168  0.95046
 6.16162 -37.9655  0.438728
 6.36364 -40.4959  0.763264
 6.56566 -43.1078  0.659291
 6.76768 -45.8014  0.847114
 6.9697 -48.5767  0.698146
 7.17172 -51.4335  0.515436
 7.37374 -54.372  0.385343
 7.57576 -57.3921  0.7098
 7.77778 -60.4938  0.402442
 7.9798 -63.6772  0.864122
 8.18182 -66.9421  0.222636
 8.38384 -70.2887  0.44048
 8.58586 -73.717  0.94387
 8.78788 -77.2268  0.0682846
 8.9899 -80.8183  0.295409
 9.19192 -84.4914  0.274233
 9.39394 -88.2461  0.348815
 9.59596 -92.0824  0.74807
 9.79798 -96.0004  0.180874
 10 -100  0.0876817

