17:15:10 123 1101 0 1100
17:15:15 123 1101 54 3354
17:15:20 123 1101 462 2728
17:15:25 123 1101 552 6487
17:15:30 123 1101 502 4995
17:15:35 123 1101 549 7464
17:15:40 123 1101 484 5899
17:15:45 123 1101 575 7606
17:15:50 123 1101 553 6517
17:15:55 123 1101 545 8106
17:16:00 123 1101 551 7664
17:16:05 123 1101 490 9925
17:16:10 123 1101 503 7937
17:16:15 123 1101 437 8789
17:16:20 123 1101 489 8256
17:16:25 123 1101 461 8696
17:16:30 123 1101 462 7580
17:16:35 123 1101 472 8708
17:16:40 123 1101 476 7289
17:16:45 123 1101 489 8707
17:16:50 123 1101 531 6232
17:16:55 123 1101 472 8252
17:17:00 123 1101 547 6957
17:17:05 123 1101 477 11063
17:17:10 123 1101 495 7190
17:17:15 123 1101 497 7956
17:17:20 123 1101 493 7411
17:17:25 123 1101 501 8377
17:17:30 123 1101 501 7513
17:17:35 123 1101 514 8527
17:17:40 123 1101 524 7263
17:17:45 123 1101 482 8153
17:17:50 123 1101 484 6824
17:17:55 123 1101 461 8623
17:18:00 123 1101 495 7304
17:18:05 123 1100 511 10136
17:18:10 123 1100 463 7144
17:18:15 122 1096 514 9936
17:18:20 122 1092 521 7428
17:18:25 121 1087 486 9332
17:18:30 121 1084 498 7010
17:18:35 120 1079 541 10041
17:18:40 120 1075 485 6679
17:18:45 120 1073 482 8797
17:18:50 120 1072 511 6874
17:18:55 120 1072 473 7701
17:19:00 119 1071 499 10075
17:19:05 119 1069 483 9937
17:19:10 119 1069 466 7045
17:19:15 119 1065 467 8234
17:19:20 119 1063 467 7080
17:19:25 118 1060 501 8523
17:19:30 118 1060 497 8129
17:19:35 118 1059 445 8519
17:19:40 118 1056 495 7204
17:19:45 118 1055 483 8034
17:19:50 117 1053 511 8603
17:19:55 117 1051 504 8421
17:20:00 117 1049 474 8130
17:20:05 117 1049 481 8897
17:20:10 117 1047 447 7160
17:20:15 117 1046 505 8415
17:20:20 116 1043 502 7989
17:20:25 116 1043 503 8279
17:20:30 116 1041 471 6546
17:20:35 116 1041 494 8335
17:20:40 116 1038 527 7689
17:20:45 116 1038 481 7826
17:20:50 116 1037 484 6374
17:20:55 116 1037 505 8668
17:21:00 115 1033 460 9467
17:21:05 115 1033 468 10083
17:21:10 115 1030 494 7641
17:21:15 115 1030 481 8147
17:21:20 115 1029 434 7031
17:21:25 115 1024 484 8572
17:21:30 114 1021 496 8949
17:21:35 114 1020 465 8368
17:21:40 114 1020 480 6802
17:21:45 114 1020 522 7786
17:21:50 114 1020 474 6699
17:21:55 114 1019 470 7533
17:22:00 114 1017 491 7520
17:22:05 113 1015 429 11404
17:22:10 113 1015 484 7087
17:22:15 113 1015 445 8084
17:22:20 113 1014 457 7213
17:22:25 113 1013 441 7943
17:22:30 113 1012 462 7547
17:22:35 113 1012 473 7657
17:22:40 113 1011 518 7168
17:22:45 113 1010 448 7821
17:22:50 113 1010 477 6566
17:22:55 113 1009 468 7541
17:23:00 112 1004 467 9183
17:23:05 112 1003 430 9653
17:23:10 112 1002 470 7123
17:23:15 112 1000 454 8461
17:23:20 111 997 462 8470
17:23:25 111 997 439 8908
17:23:30 111 994 495 6911
17:23:35 111 994 494 7517
17:23:40 111 991 483 6846
17:23:45 110 989 490 8851
17:23:50 110 989 472 6768
17:23:55 110 989 459 7873
17:24:00 110 985 493 9110
17:24:05 110 982 463 7198
17:24:10 109 977 413 8317
17:24:15 108 971 478 8886
17:24:20 108 967 425 6499
17:24:25 108 963 449 7814
17:24:30 107 957 428 7777
17:24:35 106 952 433 8912
17:24:40 106 951 418 6580
17:24:45 106 949 454 7604
17:24:50 106 948 440 6180
17:24:55 106 947 485 7303
17:25:00 106 945 453 6523
17:25:05 105 938 437 11602
17:25:10 104 929 415 8099
17:25:15 104 927 435 6788
17:25:20 103 924 470 7614
17:25:25 103 919 437 8508
17:25:30 102 914 413 8046
17:25:35 101 908 436 8191
17:25:40 101 904 422 6467
17:25:45 100 900 425 8015
17:25:50 100 897 402 6510
17:25:55 100 891 439 6899
17:26:00 99 888 433 8260
17:26:05 99 884 381 7529
17:26:10 98 879 393 7588
17:26:15 98 877 440 7497
17:26:20 97 872 392 6901
17:26:25 97 869 418 6556
17:26:30 96 864 430 7061
17:26:35 96 864 448 6648
17:26:40 96 861 387 6127
17:26:45 96 860 424 6550
17:26:50 96 859 393 5227
17:26:55 96 855 408 6754
17:27:00 95 853 405 8771
17:27:05 95 852 392 8887
17:27:10 95 852 435 6200
17:27:15 95 846 397 6475
17:27:20 94 845 358 6859
17:27:25 94 840 374 6976
17:27:30 94 840 429 6690
17:27:35 93 835 377 7527
17:27:40 93 832 378 6055
17:27:45 93 831 429 6274
17:27:50 93 830 383 5205
17:27:55 92 828 419 7860
17:28:00 92 828 399 6553
17:28:05 92 826 421 6522
17:28:10 92 824 421 5786
17:28:15 92 819 399 6673
17:28:20 91 810 337 6291
17:28:25 90 809 332 7355
17:28:30 89 800 356 7268
17:28:35 89 797 355 6323
17:28:40 88 791 326 6356
17:28:45 88 789 378 6996
17:28:50 88 788 413 5478
17:28:55 88 788 412 6513
17:29:00 88 787 409 5679
17:29:05 88 785 388 8264
17:29:10 87 779 387 6567
17:29:15 87 777 349 5954
17:29:20 86 773 354 6592
17:29:25 86 769 367 6101
17:29:30 86 766 354 4721
17:29:35 85 762 384 7803
17:29:40 85 762 352 5146
17:29:45 85 760 362 6054
17:29:50 85 758 342 5484
17:29:55 84 753 331 7449
17:30:00 84 752 367 5059
17:30:05 84 751 337 5941
17:30:10 84 745 380 5028
17:30:15 83 737 338 6790
17:30:20 82 735 360 6305
17:30:25 81 725 304 7106
17:30:30 81 722 359 5528
17:30:35 81 720 339 5052
17:30:40 80 714 349 5887
17:30:45 79 708 375 7486
17:30:50 79 707 364 4758
17:30:55 79 706 368 5865
17:31:00 79 705 315 4725
17:31:05 78 701 387 9247
17:31:10 78 695 361 4633
17:31:15 78 694 344 5511
17:31:20 78 694 305 4329
17:31:25 77 687 325 6144
17:31:30 76 684 320 6192
17:31:35 76 678 244 5530
17:31:40 74 666 274 6842
17:31:45 74 662 280 4963
17:31:50 73 653 297 5142
17:31:55 73 651 312 5085
17:32:00 72 648 332 5691
17:32:05 72 644 304 5198
17:32:10 72 642 306 4618
17:32:15 72 640 318 5111
17:32:20 71 638 286 5150
17:32:25 71 636 281 4904
17:32:30 70 630 282 5664
17:32:35 70 624 268 4976
17:32:40 69 618 280 5281
17:32:45 69 614 306 4967
17:32:50 68 607 288 4559
17:32:55 68 606 283 5203
17:33:00 68 604 318 5359
17:33:05 67 602 272 6446
17:33:10 67 602 263 3817
17:33:15 67 598 265 5281
17:33:20 67 596 282 3930
17:33:25 66 589 265 5196
17:33:30 66 581 269 4277
17:33:35 64 575 255 6687
17:33:40 64 570 295 4041
17:33:45 64 568 231 5097
17:33:50 63 567 279 4584
17:33:55 63 558 270 4365
17:34:00 62 556 249 5453
17:34:05 62 552 259 4250
17:34:10 62 550 277 3661
17:34:15 62 550 272 4080
17:34:20 61 544 287 4367
17:34:25 60 537 265 5571
17:34:30 60 535 236 3639
17:34:35 60 531 246 3723
17:34:40 59 529 225 4180
17:34:45 59 524 254 4349
17:34:50 58 520 243 4137
17:34:55 58 517 241 4360
17:35:00 58 514 253 4225
17:35:05 57 513 240 5881
17:35:10 56 504 216 4708
17:35:15 56 502 241 4550
17:35:20 56 501 245 3866
17:35:25 56 496 205 3977
17:35:30 55 494 235 4241
17:35:35 55 492 219 3726
17:35:40 55 489 210 3177
17:35:45 54 478 227 4694
17:35:50 53 475 221 4522
17:35:55 53 474 219 3558
17:36:00 52 467 199 3885
17:36:05 52 466 220 4268
17:36:10 52 463 205 3004
17:36:15 52 463 238 3712
17:36:20 52 461 219 2923
17:36:25 51 458 225 4540
17:36:30 51 455 181 3353
17:36:35 51 451 212 3342
17:36:40 50 445 197 4214
17:36:45 50 443 207 3464
17:36:50 50 443 226 2850
17:36:55 49 440 223 4320
17:37:00 49 434 200 3093
17:37:05 48 431 170 5056
17:37:10 48 429 203 3386
17:37:15 48 426 202 3296
17:37:20 48 424 196 2785
17:37:25 47 421 206 4362
17:37:30 47 420 204 3127
17:37:35 47 417 208 3285
17:37:40 47 416 208 3122
17:37:45 46 414 193 3945
17:37:50 46 412 196 3003
17:37:55 46 412 194 3603
17:38:00 46 408 156 2969
17:38:05 46 406 175 3882
17:38:10 45 402 193 3352
17:38:15 45 397 202 3306
17:38:20 44 395 188 3466
17:38:25 44 392 190 3494
17:38:30 44 390 174 2871
17:38:35 44 390 171 2717
17:38:40 44 386 182 2762
17:38:45 43 384 179 3741
17:38:50 43 381 163 2691
17:38:55 42 377 173 3517
17:39:00 42 373 160 2522
17:39:05 41 366 166 4539
17:39:10 41 364 187 2962
17:39:15 41 364 184 2620
17:39:20 41 362 172 2710
17:39:25 41 361 158 3306
17:39:30 41 361 199 2692
17:39:35 40 360 175 3434
17:39:40 40 358 163 2139
17:39:45 40 352 163 3628
17:39:50 40 351 184 2871
17:39:55 39 351 180 3223
17:40:00 39 349 165 2916
17:40:05 39 348 175 2638
17:40:10 39 348 173 2435
17:40:15 39 346 143 2287
17:40:20 38 342 156 2578
17:40:25 38 335 194 2848
17:40:30 38 335 146 2462
17:40:35 37 333 163 3206
17:40:40 37 331 152 2419
17:40:45 37 327 146 2562
17:40:50 36 323 167 3183
17:40:55 36 320 117 2421
17:41:00 36 319 149 2892
17:41:05 36 317 163 3140
17:41:10 36 317 149 1737
17:41:15 36 315 168 3056
17:41:20 35 315 157 2392
17:41:25 35 315 165 2753
17:41:30 35 313 138 2068
17:41:35 35 311 129 2394
17:41:40 35 307 149 2680
17:41:45 35 307 130 2148
17:41:50 33 297 147 3235
17:41:55 33 294 152 2556
17:42:00 33 291 141 2007
17:42:05 33 289 136 2870
17:42:10 32 287 134 2791
17:42:15 32 286 133 2389
17:42:20 32 285 138 2359
17:42:25 32 285 157 2083
17:42:30 32 285 134 1798
17:42:35 32 282 129 2073
17:42:40 31 279 149 2704
17:42:45 31 279 126 1899
17:42:50 31 278 122 1854
17:42:55 31 275 132 2104
17:43:00 31 275 139 2247
17:43:05 31 274 137 2711
17:43:10 31 273 122 1732
17:43:15 31 272 121 2039
17:43:20 30 269 139 2717
17:43:25 30 269 122 1845
17:43:30 30 269 128 2148
17:43:35 30 269 130 2070
17:43:40 30 267 112 1789
17:43:45 30 262 113 2173
17:43:50 30 262 111 2021
17:43:55 29 256 94 2281
17:44:00 29 256 122 2192
17:44:05 29 254 118 1786
17:44:10 29 253 117 1770
17:44:15 28 251 122 2313
17:44:20 28 248 107 1972
17:44:25 28 248 140 1948
17:44:30 28 247 116 1689
17:44:35 28 244 104 1818
17:44:40 27 241 129 2429
17:44:45 27 239 128 1891
17:44:50 27 238 110 1961
17:44:55 27 238 121 1871
17:45:00 27 233 86 1614
17:45:05 26 231 91 3361
17:45:10 26 228 136 1702
17:45:15 26 226 117 2133
17:45:20 26 226 118 1489
17:45:25 26 226 109 1862
17:45:30 25 224 101 1630
17:45:35 25 220 110 2085
17:45:40 25 220 112 1536
